2.884000000000000000e+03
3.158000000000000000e+03
1.276000000000000000e+03
3.169000000000000000e+03
2.956000000000000000e+03
3.304000000000000000e+03
3.112000000000000000e+03
4.547000000000000000e+03
3.267000000000000000e+03
3.245000000000000000e+03
2.441000000000000000e+03
3.752000000000000000e+03
2.937000000000000000e+03
4.926000000000000000e+03
3.830000000000000000e+03
3.335000000000000000e+03
4.975000000000000000e+03
2.706000000000000000e+03
2.097000000000000000e+03
2.399000000000000000e+03
3.147000000000000000e+03
2.539000000000000000e+03
2.351000000000000000e+03
2.178000000000000000e+03
2.647000000000000000e+03
3.660000000000000000e+03
1.985000000000000000e+03
2.308000000000000000e+03
3.339000000000000000e+03
3.328000000000000000e+03
4.326000000000000000e+03
2.902000000000000000e+03
3.401000000000000000e+03
2.818000000000000000e+03
3.099000000000000000e+03
4.125000000000000000e+03
5.419000000000000000e+03
2.209000000000000000e+03
2.686000000000000000e+03
2.743000000000000000e+03
3.625000000000000000e+03
2.701000000000000000e+03
2.110000000000000000e+03
2.084000000000000000e+03
2.420000000000000000e+03
2.044000000000000000e+03
2.126000000000000000e+03
2.371000000000000000e+03
5.254000000000000000e+03
4.351000000000000000e+03
1.677000000000000000e+03
2.605000000000000000e+03
3.511000000000000000e+03
5.923000000000000000e+03
2.723000000000000000e+03
2.601000000000000000e+03
1.792000000000000000e+03
2.921000000000000000e+03
3.579000000000000000e+03
4.253000000000000000e+03
2.770000000000000000e+03
2.690000000000000000e+03
3.838000000000000000e+03
3.361000000000000000e+03
2.263000000000000000e+03
3.825000000000000000e+03
3.540000000000000000e+03
4.364000000000000000e+03
3.652000000000000000e+03
1.362000000000000000e+03
3.277000000000000000e+03
2.661000000000000000e+03
4.439000000000000000e+03
2.976000000000000000e+03
3.645000000000000000e+03
3.174000000000000000e+03
1.612000000000000000e+03
3.802000000000000000e+03